1500 1500 -300 1 0 0 0 1 0 0 0 1
1501.52 1500.11 -300.046 0.999997572028 0.00168359172781 -0.00142177916697 -0.00168369554715 0.999998580004 -7.18269498473e-05 0.00142165622079 7.42206187059e-05 0.999998986692
1504.14 1499.72 -300.093 0.999985634149 0.0035933380897 -0.00397736314724 -0.00359239893833 0.99999351773 0.000243243129996 0.00397821141971 -0.000228951360453 0.999992060676
1506.34 1499.42 -300.069 0.999964982733 0.00564001527096 -0.0061825184921 -0.00563740827078 0.999984013317 0.000439018771156 0.00618489572671 -0.000404150017037 0.999980791679
1507.99 1498.92 -300.123 0.999938055683 0.00757151774953 -0.00815824226086 -0.00756385229661 0.999970923156 0.000970041645256 0.00816534973246 -0.000908273817227 0.999966250482
1510.27 1499.01 -300.167 0.999895506153 0.00974830373448 -0.0106746123961 -0.0097392612568 0.999952168368 0.000898757999816 0.010682863178 -0.000794701246194 0.999942620796
1513.22 1498.48 -299.969 0.999836335866 0.0124432702977 -0.0131326503621 -0.0124263037779 0.999921848217 0.00137274622789 0.0131487054744 -0.00120933125576 0.999912820731
1515.57 1498.38 -300.018 0.999783054366 0.0143119447359 -0.0151331569679 -0.0142899505902 0.999896675715 0.00156051487755 0.0151539273479 -0.00134392426532 0.99988426948
1518.44 1497.85 -299.784 0.999709938025 0.0165841175537 -0.0174644455792 -0.0165525081432 0.999861090606 0.00195293768782 0.0174944073519 -0.00166329083719 0.999845577664
1520.97 1497.66 -299.745 0.999620173003 0.0188428519804 -0.020111107754 -0.0188022961044 0.999820792422 0.00220379276607 0.020149029432 -0.0018248207031 0.999795322375
1523.94 1497.57 -299.663 0.999512077781 0.0213634480145 -0.0227861681256 -0.0213185037349 0.999770284392 0.00221355927604 0.0228282230457 -0.001726712221 0.999737911003
1527.2 1497.31 -299.624 0.999393703989 0.023729511665 -0.0254781220534 -0.0236748666692 0.999716722846 0.00244433025008 0.0255289074467 -0.0018396571198 0.99967239161
1530.04 1497.01 -299.622 0.999281314111 0.0258915330025 -0.0276854435843 -0.0258239118952 0.99966259343 0.00279729724511 0.0277485286477 -0.00208034041115 0.999612770698
1533.19 1496.97 -299.509 0.999138074538 0.0284757082884 -0.0302033449486 -0.028403177765 0.999592548469 0.00282781509116 0.0302715625871 -0.00196750674966 0.999539774804
1536.2 1496.71 -299.402 0.998962395088 0.0313334726778 -0.0330506685206 -0.0312482187451 0.999506869497 0.00309300087763 0.0331312846863 -0.00205701704512 0.999448891468
1539.22 1496.42 -299.269 0.998786146505 0.0338202160292 -0.0358109834708 -0.0337227862562 0.999425706185 0.00332137077878 0.0359027469217 -0.00210969298005 0.999353061715
1542.95 1496.35 -299.125 0.998538393031 0.0372767294563 -0.0391346787911 -0.0371711566822 0.999303054326 0.00342209376784 0.0392349685095 -0.00196241073469 0.999228085169
1546.65 1495.78 -298.849 0.998292909831 0.0402812568533 -0.0422928661487 -0.0401426746026 0.999185458826 0.00412123106088 0.0424244252348 -0.00241644698403 0.999096756539
1550.51 1495.07 -298.658 0.997989514487 0.0437926734084 -0.0458162714532 -0.0436196444931 0.999036822808 0.00477004058807 0.0459810350951 -0.00276196101778 0.998938494595
1554.24 1494.89 -298.355 0.997677591301 0.0473745682416 -0.0489394942787 -0.0472047032786 0.998874545371 0.00462153630107 0.0491033583852 -0.00230062889893 0.998791052874
1557.76 1494.55 -298.325 0.997302669107 0.0510222457715 -0.0527647290136 -0.0508231925186 0.998694602365 0.00510825898558 0.0529564849065 -0.00241280833996 0.998593905981
1561.32 1494.26 -298.231 0.996871881228 0.0549934733115 -0.0567641639522 -0.0547783710544 0.998484260466 0.00533963164751 0.0569717691553 -0.00221348020995 0.998373335994
1564.19 1494.2 -298.303 0.99646736882 0.0585259649717 -0.0602286833704 -0.0583069008227 0.998284155722 0.00538978215298 0.0604407825301 -0.00185899417254 0.998170053622
1568.65 1494.06 -298.054 0.995926643898 0.0628801430263 -0.0646235838235 -0.0626559899686 0.99802007556 0.00549142068238 0.0648409353284 -0.00141999755065 0.997894602006
1572.27 1493.48 -297.794 0.995462716908 0.0667041457367 -0.0678567328037 -0.0664567798678 0.997771867985 0.00589880227597 0.0680990136115 -0.00136249778567 0.997677637288
1576.2 1493.02 -297.588 0.994879766055 0.0711687236072 -0.0717583714647 -0.0709012785014 0.99746362774 0.0062705695971 0.0720226339564 -0.00115070253377 0.997402334107
1579.9 1492.56 -297.518 0.994226080919 0.0757349273445 -0.0760178979002 -0.0754253526582 0.997127304938 0.00693930287527 0.0763250692593 -0.00116555914454 0.997082306169
1584.61 1491.82 -297.11 0.993579437487 0.0796314668711 -0.0803662297676 -0.0792981407068 0.996823951739 0.00733581074763 0.0806951441139 -0.000915818119951 0.996738408507
1589.57 1491.31 -296.689 0.992816830396 0.0846312466405 -0.0845712325485 -0.0842993904207 0.996412291961 0.00749381102498 0.0849020262268 -0.000310678358441 0.996389255975
1593.94 1491.09 -296.583 0.992088640993 0.0890750118562 -0.0884633860757 -0.0887259817358 0.996024919937 0.00787775533339 0.0888134481831 3.35691944622e-05 0.99604827709
1598.42 1490.52 -296.367 0.9912939244 0.0935011886528 -0.0927031993408 -0.0931293211361 0.995619100329 0.00833886107516 0.0930767693478 0.000367123701526 0.995658867398
1602.98 1490.32 -296.096 0.990301399709 0.0986636271494 -0.0978193560245 -0.0983042646533 0.99512011763 0.0084984138628 0.0981804934104 0.00120006871921 0.995167900682
1607.81 1489.69 -295.789 0.989234069163 0.104083735067 -0.102871436759 -0.103686006795 0.994567337876 0.00922076053263 0.103272302197 0.00154483802834 0.994651921566
1613.93 1488.91 -295.198 0.988120613788 0.109129066142 -0.108205820222 -0.108719059787 0.994025197762 0.00969908517059 0.108617763952 0.00218016904601 0.994081198
1619.75 1487.92 -294.699 0.986912106129 0.114493173281 -0.113559711378 -0.114048459651 0.993420470961 0.0104267313937 0.114006331523 0.0026610427213 0.993476459321
1625.37 1487.27 -294.143 0.985610392786 0.120158384167 -0.118886989812 -0.119724885742 0.992748275099 0.0108080535946 0.119323532324 0.00358120132285 0.992848966173
1630.59 1486.43 -293.616 0.984290506241 0.125435144117 -0.124250649671 -0.124962788863 0.992093390786 0.0116191806088 0.124725701934 0.0040900585374 0.992182831286
1637.15 1485.36 -292.768 0.982770649581 0.131296975451 -0.130088256806 -0.13079853724 0.991331347074 0.012405763384 0.130589406068 0.00482333356272 0.991424804247
1642.91 1484.63 -292.162 0.98122925835 0.137167133858 -0.135551908679 -0.136646041141 0.990532176665 0.0131858420838 0.136077191321 0.00558429764158 0.990682498898
1649.15 1483.45 -291.256 0.979511513374 0.143267677073 -0.141532921519 -0.142681967352 0.989664827084 0.0143313023084 0.142123366693 0.00615652007466 0.989829806533
1654.7 1482.62 -290.616 0.97782643979 0.148915325976 -0.14724020965 -0.148279841946 0.988826379441 0.015345350917 0.147880161351 0.00682766516043 0.988981719178
1660.91 1481.31 -289.692 0.976033609195 0.154768429114 -0.152987342846 -0.154071855447 0.987922347102 0.0164711704508 0.153688831998 0.00749462782943 0.988090873084
1668.72 1479.85 -288.367 0.973841584791 0.16160737456 -0.159736108062 -0.160901588758 0.986816538211 0.0174298206927 0.160447020746 0.00872790936311 0.987005864791
1674.22 1479.22 -287.756 0.971964145506 0.167212423991 -0.165304885329 -0.166510112876 0.985871811582 0.0181976217683 0.166012295209 0.00983749922275 0.986074612516
1680.57 1477.79 -286.853 0.969822944533 0.173203911157 -0.171592136816 -0.172435195506 0.98482801296 0.0194907218784 0.172364612401 0.010685974376 0.984975253671
1686.67 1476.96 -286.025 0.967415014585 0.180009149437 -0.178058686038 -0.179254366774 0.98359012889 0.0204531254819 0.178818515672 0.012131136328 0.983807284982
1693.78 1475.24 -284.635 0.965136210619 0.186235183579 -0.183925396151 -0.18538904694 0.9824202201 0.0219411123906 0.184778235263 0.012921591831 0.982695291653
1700.93 1473.57 -283.216 0.962507926588 0.192894741447 -0.190709491052 -0.191973536993 0.981119327131 0.023473964827 0.191636771914 0.0140172983209 0.981365815075
1707.56 1471.99 -281.891 0.960047766293 0.198693654577 -0.197051054465 -0.197697737605 0.97994630857 0.0249165982049 0.19805022338 0.0150354232103 0.980076550616
1714.01 1470.46 -280.64 0.957305809053 0.205452527348 -0.203358911679 -0.204376576427 0.978533280449 0.0265110177363 0.20444021855 0.0161826468719 0.978745277884
1722.81 1467.89 -278.508 0.954048898551 0.21276164257 -0.211005172032 -0.211564230081 0.976948356764 0.0285041184104 0.212205739138 0.0174468239904 0.977069256813
1730.24 1465.99 -276.898 0.951202698236 0.218877367801 -0.21749971203 -0.217652248393 0.975568949893 0.0298784667426 0.218725685821 0.0189188231633 0.975602968677
1737.02 1464.62 -275.637 0.947946495738 0.226125403807 -0.224197999482 -0.224926293386 0.973875431758 0.0312218827373 0.225400984386 0.0208313506769 0.974043351739
1744.06 1462.67 -274.079 0.944619796251 0.2327541362 -0.231341636141 -0.231460292567 0.97228065663 0.0331128027852 0.232636139703 0.0222673937638 0.972308896225
1751.42 1460.62 -272.306 0.940986885711 0.240141644922 -0.238486207766 -0.23880233296 0.97043935667 0.0349413909209 0.239827285131 0.0240716721683 0.970517093052
1759.11 1458.29 -270.337 0.937090343669 0.247747606736 -0.245932533754 -0.246291818669 0.968482654365 0.0371710673875 0.24739043607 0.0257385226953 0.968573952051
1766.16 1456.11 -268.582 0.933321250272 0.254973185816 -0.252784727198 -0.253411957686 0.966560187917 0.0392910019711 0.254349805369 0.0273875455083 0.966724417225
1775.01 1453.48 -266.092 0.929329663017 0.261898797044 -0.260298669886 -0.260269112881 0.964650030651 0.0413558610706 0.261928170149 0.0293144754627 0.964642055485
1783.81 1450.6 -263.523 0.924941042801 0.269656041557 -0.267898649855 -0.267908492252 0.962448807282 0.0437873628003 0.269646262949 0.031271594349 0.96245154697
1792.26 1447.81 -261.017 0.920506918672 0.276871502381 -0.275697631196 -0.27505465885 0.960324941077 0.0460536881307 0.277510265256 0.0334391793395 0.960140549067
1799.77 1445.64 -258.924 0.91595520004 0.284012678317 -0.283483456438 -0.282151918801 0.958153652165 0.0482894766989 0.285335532726 0.0357544038925 0.957760542289
1807.41 1443.3 -256.617 0.911354080208 0.291433506527 -0.290689270118 -0.289551615491 0.955829827826 0.0504896247199 0.292563843384 0.0381556222719 0.955484456197
1814.52 1440.99 -254.332 0.906663027215 0.298476697706 -0.298117117939 -0.296502731825 0.953562492146 0.0529594523355 0.300080464379 0.0403761624987 0.953059012024
1822.72 1438.13 -251.62 0.901400391345 0.30618059425 -0.306154827151 -0.304088545833 0.951009737976 0.0557730631025 0.308232851553 0.042824315281 0.950346561652
1830.94 1434.98 -248.786 0.896211344545 0.31386903378 -0.313514681543 -0.311695385467 0.948382973804 0.0584441757332 0.31567580298 0.0453427461983 0.947783109567
1839.3 1431.66 -245.773 0.890520970528 0.321669248415 -0.321716172541 -0.319366673201 0.945634818409 0.0614794133091 0.324002051072 0.0479967169317 0.944838073992
1848.53 1428.07 -242.305 0.884523298673 0.32978148298 -0.329943491509 -0.327402824137 0.942680457794 0.0645053892398 0.332303964545 0.050967911253 0.941794216998
1856.66 1425 -239.193 0.878368458275 0.338009553057 -0.337962118513 -0.335633944749 0.939578648012 0.0673930213915 0.340321475432 0.0542356547142 0.938743728138
1865.1 1421.32 -235.807 0.872412720009 0.345562878369 -0.345662180545 -0.34303829005 0.936664135533 0.0706047361392 0.348167743374 0.0569788934483 0.935699005116
1874.45 1417.17 -231.86 0.866229043043 0.353237993792 -0.353369728092 -0.350491626115 0.933629320902 0.074107429964 0.356093899151 0.0596591224787 0.932543792051
1880.71 1414.23 -229.186 0.860352559551 0.360658671907 -0.360164956168 -0.357678045952 0.930624508535 0.0774883188505 0.36312516949 0.0621558242843 0.929664866923
1889.81 1409.65 -225.072 0.853632633722 0.368334207948 -0.368295041915 -0.365003246139 0.927429893543 0.0815255964094 0.371596497497 0.0648359762574 0.926127604184
1896.47 1406.87 -222.154 0.847364235904 0.375803507077 -0.375160733258 -0.372519775665 0.924181496675 0.0843657391472 0.378421548605 0.0682662821029 0.923112585918
1904.3 1403.35 -218.559 0.840676012857 0.383125277737 -0.382725571352 -0.37975981625 0.920917027228 0.0877172213567 0.386065180208 0.0716020287418 0.919688439696
1912.18 1399.2 -214.869 0.833822510973 0.390687848439 -0.390003878541 -0.387156771148 0.917477326512 0.0913509162038 0.393509408718 0.0748221920224 0.916270694081
1921.22 1395 -210.549 0.826847236742 0.397936506056 -0.397454631675 -0.394338376708 0.91406187481 0.0948057681444 0.40102480191 0.0783417268522 0.912711171229
1929.24 1390.87 -206.561 0.81976703559 0.405173717825 -0.40474222135 -0.401417009092 0.910581251665 0.0985198910252 0.408468349045 0.0817070529351 0.909108115314
1937.02 1387.03 -202.551 0.812271847028 0.412515813586 -0.412365311426 -0.408727721483 0.906922119881 0.102146552376 0.416120290562 0.085574365392 0.905273953989
1944.12 1383.45 -198.758 0.80500226892 0.419725063347 -0.419287751112 -0.41589422196 0.903248937952 0.105704078581 0.423087866967 0.0892873299337 0.901678673109
1952.1 1379.06 -194.432 0.797599530197 0.426640659142 -0.426395048512 -0.422621292358 0.899651426551 0.109629165604 0.430379173143 0.0927634554758 0.897868981897
1959.38 1375 -190.417 0.790107725015 0.433833687614 -0.43303361805 -0.429811640359 0.89579215126 0.113218265106 0.437026013737 0.0966682638314 0.894239067635
1965.98 1371.14 -186.636 0.783117552997 0.44043938732 -0.439021689993 -0.436224851975 0.892204532804 0.116957044099 0.443209630657 0.0999210575505 0.89083163704
1972.44 1367.17 -182.741 0.77546878258 0.447028793622 -0.445884990684 -0.442658361383 0.888499591264 0.120921674741 0.450224102356 0.103603735442 0.886884729635
1980.4 1362.73 -177.961 0.76709435356 0.453976380614 -0.453289861547 -0.449623494569 0.884443549767 0.124893236031 0.457607873477 0.108004875445 0.882570099772
1986.32 1359.22 -174.385 0.760327698747 0.459870048413 -0.458717046873 -0.455372216736 0.88099042858 0.128421216999 0.463182399 0.111244790098 0.879253468536
1993.78 1354.68 -169.603 0.751635895049 0.466864478533 -0.465919563827 -0.462406615936 0.876709170781 0.132518494584 0.470344132324 0.11583863152 0.874847305897
2001.13 1350.29 -164.962 0.743550381901 0.473240688629 -0.472415156616 -0.468773560507 0.872719511636 0.13642581493 0.476848171375 0.120016268212 0.870753648755
2008.8 1345.76 -160.036 0.735958172811 0.478941197447 -0.478519484724 -0.474327569362 0.869089626968 0.140344494867 0.483093080902 0.123687306075 0.866788627925
2015.42 1340.62 -155.425 0.727776001433 0.48562852735 -0.484259254079 -0.480628884992 0.864856184142 0.14498157008 0.489221796989 0.12723487798 0.86282867313
2021.17 1336.86 -151.237 0.719613701046 0.491517673908 -0.490475786867 -0.486556163379 0.860876860371 0.148842638904 0.495398043139 0.131534814833 0.858649737286
2028.32 1331.86 -146.258 0.71110762708 0.497795067715 -0.496513860096 -0.492562221273 0.856648943714 0.153411360101 0.501705492181 0.135471981573 0.854364641897
2033.81 1327.86 -142.103 0.70271643789 0.503776769376 -0.50239284883 -0.49854016903 0.852444896541 0.157465546154 0.507589704173 0.139809388091 0.850179996953
2039.14 1323.79 -138.141 0.695089354655 0.509342747429 -0.507366489518 -0.503990484614 0.848505194144 0.161345985164 0.512683509061 0.143558006226 0.846490825931
2045.38 1319.41 -133.391 0.685942094431 0.515491830485 -0.513567537712 -0.510238094386 0.843938356276 0.165605367797 0.518787557797 0.148446028944 0.841916412933
2050.93 1314.98 -129.086 0.677744500117 0.52113632445 -0.518728564761 -0.515688506288 0.839763696452 0.169889077356 0.524144786336 0.152360970923 0.837889239396
2056.78 1310.63 -124.622 0.66959796639 0.526523404275 -0.523843171338 -0.521099088879 0.835613444701 0.173798476991 0.529239362648 0.156599092545 0.833895929501
2061.23 1306.87 -120.769 0.661625014461 0.531722103072 -0.528700241483 -0.526331205946 0.831521890037 0.177614211244 0.534067225999 0.160757430601 0.830017618259
2066.43 1302.29 -116.247 0.652997845427 0.53730324387 -0.533759344644 -0.531785574438 0.827091408064 0.181999740458 0.53925681886 0.165000081316 0.825819021625
2071.96 1297.54 -111.535 0.644613530332 0.542622609055 -0.538548141446 -0.536841551527 0.822817881637 0.186472202249 0.544311073805 0.168912515226 0.821701902842
2077.3 1293.22 -106.896 0.636420468986 0.547543278541 -0.543291215445 -0.541728949798 0.81868183093 0.190498831112 0.549089001535 0.173079224139 0.817645920044
2081.6 1288.79 -102.792 0.627766984245 0.55292395113 -0.547890242437 -0.546963265676 0.81414761226 0.194922680705 0.553840951441 0.177309812808 0.813524081259
2086.62 1284.41 -98.2463 0.619277161717 0.557645171164 -0.552745565385 -0.551672684311 0.809957722013 0.199062145915 0.558706583423 0.181659989069 0.809225927668
2091.28 1279.8 -93.9243 0.611248701922 0.562433374564 -0.556815699828 -0.55627962375 0.805760871124 0.203229916022 0.562963590829 0.185521205638 0.805390512521
2096.25 1274.98 -89.1651 0.602459664101 0.567083236542 -0.561657329663 -0.560843688962 0.801465925581 0.207621594935 0.56788793761 0.189918332356 0.800895946645
2101.95 1270.28 -84.2374 0.594287117683 0.571264498295 -0.566109260429 -0.565017640143 0.797482827129 0.211603891177 0.572344204202 0.194108251813 0.79670828946
2106.48 1265.69 -79.7295 0.585593590228 0.575926849581 -0.570428269825 -0.569604607883 0.79304475958 0.215941195655 0.576741482609 0.198464790918 0.792452515299
2110.57 1261.42 -75.6538 0.577635866741 0.579991625092 -0.574409714643 -0.573546984533 0.789082738164 0.219982473993 0.580844783042 0.202381192687 0.788454939016
2115.5 1257.25 -71.0458 0.569906292515 0.583578858674 -0.578482958661 -0.577312532016 0.785338458775 0.223503345717 0.584736742585 0.20658949847 0.784476717942
2119.57 1253.08 -66.8696 0.562575867881 0.587179819202 -0.582003653596 -0.580609933744 0.78175723442 0.227481276745 0.588557981609 0.209941626062 0.780720190549
2123.47 1248.48 -62.4106 0.553898790799 0.591485406272 -0.58595319243 -0.584669498304 0.777381003411 0.232035241482 0.59275433976 0.214064919368 0.776413873519
2126.98 1244.01 -58.2925 0.545990673169 0.595576784954 -0.589221925964 -0.588539164985 0.773200941365 0.236182039012 0.596251487286 0.217826989827 0.772680766172
2129.53 1240.55 -55.0395 0.538610018222 0.599282014009 -0.592250213977 -0.5924460443 0.769178954064 0.239523320821 0.599088418235 0.221866636314 0.769329749085
2132.9 1235.97 -50.947 0.530599283212 0.603174359836 -0.595520857982 -0.595971447215 0.765068943376 0.243900688779 0.602729155392 0.225499896937 0.765419729117
2136.77 1231.68 -46.5868 0.522874374755 0.606419906753 -0.59904698056 -0.599136522284 0.761346360391 0.247764297641 0.606331440625 0.229361322402 0.761416816137
2140.22 1227.45 -42.3868 0.51456562873 0.610074547203 -0.602520755315 -0.602781636212 0.757124195517 0.251827821355 0.609816786236 0.233606505513 0.757331821467
2143.77 1222.97 -37.9088 0.506087454346 0.613654963662 -0.606055339162 -0.606298033271 0.752891226284 0.256041981394 0.613415180286 0.237870525618 0.753086601685
2146.7 1218.94 -34.2125 0.499224406234 0.616854429385 -0.608494539966 -0.609259413455 0.749243876221 0.259685542652 0.616098985015 0.241089665672 0.749865197065
2149.93 1214.83 -30.1974 0.49174323739 0.619988931251 -0.611393746784 -0.612379151327 0.74541033365 0.263353772534 0.619015640756 0.244902347098 0.746218786205
2152.87 1210.32 -26.1421 0.483852212509 0.623360212347 -0.61425489995 -0.615492711304 0.741353063999 0.267515152527 0.622138054439 0.248631615372 0.742378987483
2156.14 1206.55 -22.063 0.476400672925 0.62618184124 -0.617202317347 -0.618473134797 0.737611628 0.270961376905 0.624926699998 0.252636869719 0.738675322241
2159 1202.5 -17.9819 0.46882536157 0.629019074405 -0.620111106483 -0.620999447441 0.733976714439 0.275023397076 0.628142075192 0.256150710904 0.734727396166
2162.04 1197.93 -13.7096 0.460595745827 0.632287734362 -0.622947654223 -0.624043515738 0.729766922246 0.279302577255 0.631206186116 0.26010086538 0.730702600541
2164.97 1194.07 -9.79117 0.453180241694 0.635092960454 -0.625527457527 -0.627037253547 0.725879905719 0.282705934034 0.633602360478 0.264112275472 0.727181376784
2167.78 1190.36 -6.04523 0.446263846945 0.637394997122 -0.628153004095 -0.629097953881 0.722658908416 0.28635618818 0.636462365999 0.267379355467 0.723480433003
2170.49 1185.47 -1.62707 0.436712877206 0.641026500663 -0.631163123393 -0.632528256025 0.717691776231 0.291249926455 0.639679504293 0.272035916339 0.718892615075
2173.76 1181.14 2.82838 0.427967750215 0.643871234401 -0.634250296245 -0.635549805556 0.713345391905 0.295321513787 0.642588553768 0.276709568607 0.714501060327
2176.41 1176.48 6.94989 0.41971194875 0.646907164895 -0.63667338572 -0.63834930026 0.709040081878 0.29962031498 0.645253478049 0.280665783984 0.71054533055
2179.48 1171.78 11.6372 0.410485862305 0.649751411981 -0.639784697751 -0.64136697953 0.704464502839 0.303937759762 0.648189597585 0.285574625743 0.705901819458
2182.6 1167.2 16.3346 0.401263774225 0.65263102327 -0.642697542364 -0.644436097034 0.699777114456 0.30824358375 0.650914357142 0.290490511978 0.701374195502
2185.07 1162.18 20.8556 0.391934151859 0.656074056999 -0.644945309572 -0.647514875847 0.69471352842 0.313205362321 0.653538144383 0.294855804017 0.697099669111
2187.94 1156.78 26.0642 0.382258476248 0.659040978251 -0.647721735256 -0.650239229329 0.689884202795 0.318196058078 0.656557234351 0.299540941643 0.692248381942
2190.65 1152 30.7709 0.373433216988 0.661731538689 -0.650122298613 -0.652928672416 0.685323106913 0.322515717242 0.658962655381 0.304045407523 0.687985907543
2193.09 1146.96 35.3261 0.364323105669 0.664677635752 -0.652282389159 -0.655597225636 0.680507370891 0.327264412825 0.661408309907 0.308404537408 0.683685372735
2196.21 1141.93 40.7539 0.354665438997 0.66695419177 -0.655274394786 -0.65803180194 0.675934049806 0.33182421242 0.664233824806 0.313504810798 0.678607515129
2198.72 1136.39 45.772 0.34525738327 0.669715404891 -0.657478985025 -0.660504802572 0.671081232137 0.336724495177 0.666731388999 0.318011409112 0.674045991456
2201.65 1131.02 51.3098 0.335330190796 0.672036376025 -0.660242964703 -0.662857597036 0.666306003505 0.341549580215 0.669457593273 0.323115179143 0.668896936617
2204 1125.36 56.3424 0.325772932104 0.674790159656 -0.662216155904 -0.665362978487 0.661244537891 0.346479101778 0.671687504401 0.327740600996 0.664395962428
2206.62 1120.3 61.4611 0.316722896025 0.676867141855 -0.664482866152 -0.667470078639 0.656785511154 0.350879589688 0.673921583906 0.332390831123 0.659807573563
2209.17 1114.83 66.9839 0.306855384489 0.679161011062 -0.66676839612 -0.669778480788 0.651824520254 0.355698722894 0.676192694195 0.337439055015 0.654903293981
2211.56 1109.4 72.4068 0.296831467711 0.681504507522 -0.66891156815 -0.67229878344 0.646603444261 0.360441856136 0.678163273528 0.342717948315 0.650106900703
2213.8 1103.69 77.9936 0.286518045757 0.683809068359 -0.671053326857 -0.674435461249 0.641428390017 0.365658897184 0.680473524882 0.347814287387 0.644965893226
2216.07 1097.86 83.6737 0.275575674677 0.686228361319 -0.673163192433 -0.676852495 0.635774346758 0.371027869595 0.682589735887 0.353385930853 0.639679323049
2217.77 1092.06 88.628 0.265392209351 0.68878949114 -0.674637689513 -0.679158752703 0.630213854227 0.376263055012 0.684332056711 0.358328808269 0.635051258815
2219.93 1086.12 94.3718 0.254392721545 0.69085975433 -0.676754861876 -0.68113679593 0.624760576338 0.38174191214 0.686539881184 0.36385027429 0.62950454283
2222.09 1080.11 100.33 0.242472198882 0.692991056812 -0.67894817766 -0.683443518731 0.61871069002 0.387430043698 0.688558050911 0.370081716967 0.623640387798
2224.05 1073.95 106.312 0.230617701776 0.695171908495 -0.680846159765 -0.685612208497 0.612602719455 0.393260483238 0.690471849671 0.376103610399 0.617895378731
2225.87 1067.64 112.367 0.218794907384 0.697317573597 -0.68255182225 -0.687695951096 0.606445796075 0.399121253842 0.692244947507 0.382062426805 0.612229723776
2227.73 1061.5 118.383 0.206387829011 0.699344432529 -0.684340141105 -0.6900104641 0.599908382589 0.404963568648 0.693750404301 0.388622306605 0.606368765143
2229.64 1055.16 124.837 0.193608650357 0.701148563374 -0.686226189085 -0.691698758032 0.593589403309 0.411344683223 0.695750327807 0.395021913769 0.599907633723
2230.94 1048.73 130.79 0.180767816482 0.703278719724 -0.687547844813 -0.693653775244 0.586755323289 0.417806929912 0.69725708072 0.401394111784 0.593898417586
2232.28 1041.65 137.3 0.167433152696 0.705213691828 -0.688941062963 -0.695546421912 0.579742809465 0.424397749568 0.698699731175 0.408132238045 0.587577026376
2233.9 1034.77 144.024 0.155081087546 0.706582112052 -0.690428544611 -0.696983148882 0.573548637827 0.430414277437 0.700117380487 0.414467946861 0.581422371916
2235.44 1028.14 150.646 0.142518021431 0.707786785384 -0.691900628706 -0.698377437019 0.567265880525 0.43643828459 0.701396869847 0.421007466951 0.575147932049
2236.53 1021.62 156.825 0.129506974128 0.709265723116 -0.692943055139 -0.700055150446 0.560318278858 0.442680711925 0.702246915256 0.42776811521 0.569090247346
2237.8 1014.83 163.611 0.116448724759 0.710385952572 -0.694112017538 -0.701235156015 0.553724831898 0.449063543954 0.703355493667 0.434442871881 0.562628154825
2238.73 1007.26 170.88 0.103299816557 0.71167943506 -0.694867994379 -0.702127479455 0.547002106739 0.455857102408 0.704518381941 0.440795958392 0.556194905201
2239.35 999.302 178.315 0.0899086466095 0.712989099669 -0.695386927557 -0.702971810672 0.540032376896 0.46281277565 0.705511919578 0.44722653729 0.549764818516
2240.35 992.424 185.371 0.0770170037514 0.713475138346 -0.696434927395 -0.70354418021 0.533833529286 0.469092048006 0.706465829058 0.453844676043 0.543075540235
2240.99 984.753 192.866 0.0623620292762 0.714163435598 -0.697195499526 -0.704187395931 0.526515376901 0.476341966762 0.707270166709 0.461250631589 0.535739457331
2241.42 977.633 199.673 0.0487652330527 0.71487748269 -0.697547229074 -0.70478794799 0.519487168149 0.483122169328 0.707739994923 0.468063315025 0.529169946912
2242.04 970.882 206.798 0.0355492737583 0.715005282206 -0.698214648624 -0.705146096322 0.513026589673 0.489461644187 0.708170341074 0.474943327889 0.522420906279
2241.72 963.302 213.665 0.0219956766596 0.715868822232 -0.697888257219 -0.705647180297 0.505615497099 0.496402081011 0.70822189118 0.481544181203 0.516272170859
2241.84 955.551 221.699 0.00777733096648 0.716050621264 -0.698005029287 -0.705465706988 0.498636002286 0.503666827862 0.70870138238 0.48850142785 0.509027214991
2241.32 947.846 228.75 -0.00639180868183 0.716550677843 -0.6975057497 -0.705570783916 0.491048492177 0.510921958047 0.708610622039 0.495405394009 0.502438535466
2241.32 940.393 236.627 -0.0207444261276 0.716233706055 -0.697552110666 -0.705314364022 0.484008026142 0.517945825868 0.708591078612 0.50273801223 0.495129452134
2240.72 932.96 243.82 -0.0346352579809 0.716345437735 -0.696885652558 -0.705100070086 0.476654939548 0.525008533044 0.70826145601 0.509557928445 0.488586151553
2239.72 925.085 251.276 -0.0491626697134 0.716374150119 -0.695982118267 -0.704684927573 0.468941851027 0.532459100032 0.70781507808 0.516625219474 0.481763632755
2238.82 917.471 258.619 -0.0637636378385 0.716042412779 -0.695138447787 -0.704193332378 0.461283497311 0.539749280447 0.707139271377 0.523928237653 0.474819178916
2238.72 910.761 265.681 -0.0779923554361 0.715236016449 -0.694517554326 -0.703563940411 0.454080144769 0.546634250554 0.706339135434 0.531270799969 0.46779949001
2237.11 902.876 273.208 -0.0918493451682 0.714794894637 -0.693276248254 -0.702480148225 0.446931035314 0.553872089045 0.705751612922 0.537885590319 0.461078900606
2236.16 895.468 281.329 -0.105774468555 0.713635770127 -0.692485197963 -0.701532026901 0.439993011389 0.560588052994 0.704744334517 0.54509644791 0.454098321339
2234.15 887.516 288.721 -0.120155026276 0.713183054017 -0.690603143001 -0.700484399504 0.43203676411 0.56803683024 0.703480188572 0.552009208184 0.447662214585
2232.29 879.954 296.021 -0.135382054088 0.712146509708 -0.688853430086 -0.699010408639 0.424078552505 0.575796691481 0.702179569658 0.559468256486 0.440385197229
2230.93 873.457 302.862 -0.149348456758 0.710742323865 -0.687415731221 -0.697399816286 0.417118934088 0.582790949715 0.70094831101 0.566442533619 0.433375497
2228.39 865.229 310.935 -0.164624456247 0.709379362991 -0.68533182311 -0.695640068867 0.409083489488 0.590538392668 0.699273682468 0.573961338411 0.426127561907
2225.95 857.614 318.375 -0.178276576774 0.707951548666 -0.683390127903 -0.693865199024 0.401996001285 0.597453178529 0.697688001729 0.58069253456 0.419556471228
2223.26 849.781 325.892 -0.192812027707 0.706489686826 -0.680952160126 -0.691927354991 0.394168190025 0.604870212019 0.69574424711 0.58779567911 0.412839172357
2221.06 842.718 333.135 -0.207236140927 0.70454418143 -0.678727248831 -0.689724641476 0.386795572181 0.612102200847 0.693781738614 0.594984606317 0.405783461235
2218.27 836.089 339.449 -0.22039373801 0.70290959804 -0.676272650067 -0.687764563331 0.379651710323 0.618744280196 0.691669361524 0.601483728651 0.399763453177
2215.43 828.558 347.155 -0.235474938304 0.700546104315 -0.673636926809 -0.685224107046 0.371865823867 0.626245744227 0.689216567237 0.60905743963 0.392465996841
2213.77 823.457 352.595 -0.247344337462 0.69848924319 -0.671515864201 -0.683461011767 0.365480885092 0.631905663867 0.686805521323 0.615253199732 0.386990537481
2210.5 816.061 359.943 -0.261026348154 0.696309845384 -0.668593931165 -0.680726674387 0.35830905718 0.638925515472 0.684453388002 0.621906117324 0.380468580685
2207.84 809.586 366.521 -0.274015382544 0.693824043047 -0.665975800926 -0.678165940792 0.351606440569 0.645340117844 0.681913870572 0.628475224842 0.37418226158
2204.75 802.607 373.816 -0.287537672747 0.690990582889 -0.663214973526 -0.67538294576 0.344700967863 0.651950242987 0.679102321692 0.635384338108 0.367568741272
2201.19 795.258 380.723 -0.301180105988 0.688317012637 -0.659931991853 -0.672339694879 0.337479263331 0.65883767463 0.676202542473 0.642127274717 0.361140809958
2198.24 788.462 388.084 -0.314712176528 0.684806515989 -0.657264240321 -0.669277788071 0.330919803469 0.66525132549 0.6730701957 0.649255049523 0.354181298672
2194.37 781.127 395.247 -0.328125631699 0.681773387415 -0.653849078943 -0.666015749909 0.323888185043 0.671951980771 0.669892969582 0.655958452802 0.34779579857
2191.42 775.238 401.223 -0.340678779116 0.678638407352 -0.650682627343 -0.663090593963 0.317203168191 0.678006647672 0.66651994243 0.662444006808 0.341934356546
2187.21 767.604 408.599 -0.355266275185 0.675055738924 -0.646595409094 -0.659061064843 0.309644760326 0.685389404069 0.662890931092 0.669641599475 0.334896613492
2182.86 760.078 416.145 -0.36898781475 0.671369108358 -0.642737514782 -0.655213164331 0.302574191119 0.692202692971 0.65919928842 0.676544439938 0.32824368834
2179.02 752.91 423.801 -0.383120905051 0.667185723366 -0.638812635011 -0.650884608886 0.295718374878 0.699213750348 0.65541406609 0.683676716948 0.320965027183
2174.41 745.642 430.778 -0.396978025438 0.663127535063 -0.634563093444 -0.646762686278 0.288448024823 0.706042324946 0.651234577521 0.690695018961 0.314378618586
2169.38 737.872 438.488 -0.411253354303 0.658688872972 -0.630079080114 -0.642070812263 0.281313535623 0.713167418434 0.647005216837 0.69784787977 0.307233764561
2165.15 731.496 445.189 -0.424122268482 0.654547241095 -0.625849990455 -0.637702112564 0.274830238451 0.719586239213 0.643005689718 0.704298409204 0.30084453424
2160 724.562 451.91 -0.436416813296 0.650679201961 -0.621415272751 -0.633458826727 0.268273313234 0.725781884762 0.63896031169 0.710384406882 0.295099499396
2155.09 718.126 457.889 -0.44890997592 0.646615989856 -0.61673948729 -0.62890149229 0.261684094319 0.732123178008 0.634793467606 0.716525782121 0.289185160479
2149.78 711.013 465.335 -0.462251030896 0.641737726748 -0.611961334157 -0.623768457519 0.255190113194 0.738776635751 0.630267320935 0.723222438947 0.282333859047
2144.56 704.594 471.446 -0.474985934211 0.637227494552 -0.606901542664 -0.618931064119 0.24834155434 0.745151535096 0.625549918208 0.729566715643 0.276441146097
2138.76 697.424 478.634 -0.487326641405 0.632516632077 -0.602026124618 -0.613874833223 0.24216035583 0.751342832001 0.621023698189 0.735718065709 0.270274849139
2133.52 691.284 484.55 -0.499676601945 0.627678863727 -0.596944333669 -0.608935208312 0.23558515637 0.757428244903 0.616052924307 0.741969593803 0.264499369233
2127.22 684.179 491.33 -0.512407285885 0.622599424073 -0.591446304001 -0.603624433196 0.228743430143 0.763749950452 0.610799735609 0.748362479224 0.258606424261
2121.74 678.042 497.669 -0.525225773911 0.617072327998 -0.585968965422 -0.59793671966 0.222335472505 0.770090005745 0.605482919414 0.754843480256 0.252193882982
2115.59 671.177 505.041 -0.538171130037 0.611187547221 -0.580363349047 -0.591858842807 0.216193785017 0.77650715226 0.600062450905 0.761386911788 0.245387500846
2109.12 664.49 511.56 -0.55061320467 0.605678324154 -0.574437870002 -0.58599651308 0.209633849254 0.782727114584 0.594502468877 0.767598473746 0.239498220457
2102.59 657.946 517.828 -0.562430560181 0.600309602456 -0.568594975509 -0.580249636437 0.203344444072 0.788645291927 0.589051970873 0.773485241142 0.233962298985
2095.85 651.33 524.156 -0.574081145371 0.594910443522 -0.562594350058 -0.57420523714 0.197315369295 0.794578498753 0.583711559052 0.77919715684 0.228325659096
2089.21 645.183 529.994 -0.586267500072 0.588926517395 -0.556287673303 -0.56798122442 0.190826376243 0.800613903724 0.577657118943 0.785334865671 0.222623901895
2083.17 639.63 535.743 -0.597568568611 0.583003291081 -0.550471587276 -0.561968037197 0.185173455159 0.806165440014 0.571929830466 0.791086565487 0.216975378624
2076.7 633.959 541.241 -0.60865103687 0.577418079446 -0.544180371611 -0.55573429518 0.179276368743 0.811800084239 0.566306726499 0.796522658271 0.211774281683
2069.78 627.931 547.404 -0.619723502083 0.571274028084 -0.53813452389 -0.54949862081 0.173724807297 0.817233722418 0.560351716955 0.802163123165 0.20625294456
2063.32 622.451 553.017 -0.630361339633 0.565179122996 -0.532181491998 -0.543410585358 0.168320435487 0.82241909433 0.55439112296 0.807614258125 0.201021622859
2056.23 616.744 558.275 -0.640648611002 0.559630326002 -0.525721652056 -0.537154117648 0.162596434673 0.8276640945 0.54866639328 0.812635402657 0.196440553945
2049.34 611.301 563.668 -0.651150083329 0.553293718154 -0.519489778949 -0.530853462351 0.157146642177 0.832766194296 0.542400378402 0.81802872462 0.19139183683
2042.7 606.153 569.278 -0.661646986284 0.546700516745 -0.513168403677 -0.524157744745 0.152159252322 0.837917788662 0.53617340867 0.823386972767 0.185881599174
2034.72 600.013 575.155 -0.672242261403 0.540234019199 -0.506199117427 -0.517257245677 0.146435631961 0.843209076971 0.529655816336 0.828675937983 0.180999740412
2028.12 595.212 580.103 -0.681319672646 0.534370127956 -0.500252006507 -0.511070404742 0.141991646843 0.847729563967 0.524032961809 0.833238824453 0.176359055231
2020.55 589.778 585.452 -0.691382651696 0.52772950438 -0.493448679339 -0.504191968505 0.136758172603 0.85269435387 0.517475108415 0.838330944456 0.171524749636
2014.28 585.556 590.171 -0.700394552909 0.521385464526 -0.48744709214 -0.498030999833 0.13221336241 0.857020857393 0.511285236889 0.843016502911 0.167064605342
2007.48 581.192 593.986 -0.709060936263 0.515551021489 -0.481081835977 -0.491897778179 0.127195764162 0.861311681914 0.505241689183 0.847365553832 0.163408854383
2000.56 576.701 598.756 -0.717925745962 0.509106446759 -0.474755989065 -0.485424711284 0.122690711452 0.865626847434 0.498944358581 0.851914089091 0.159050029389
1993.68 572.344 603.258 -0.726846065158 0.502503014781 -0.468172529844 -0.478705235767 0.118131408744 0.869992107733 0.492479537458 0.856466981502 0.154687474547
1987.7 568.76 606.684 -0.735102586477 0.496291398114 -0.461864737247 -0.472343273527 0.113779035598 0.874040138101 0.486329126527 0.860667868121 0.150780640254
1981.22 564.729 610.854 -0.74293424763 0.49007839563 -0.455929676414 -0.466282407169 0.109772898574 0.877798739748 0.480238920187 0.864738733304 0.146960888204
1974.35 560.565 614.975 -0.750858888969 0.483799989762 -0.449609273439 -0.459752809071 0.105864847703 0.881714232942 0.474171154129 0.868752095783 0.142938842394
1967.26 556.127 619.927 -0.758650089463 0.477262533545 -0.443475496315 -0.453176300868 0.102461391742 0.885512791288 0.468061194812 0.872766943277 0.138551725483
1960.99 552.529 624.077 -0.766191253965 0.470713220155 -0.43747002951 -0.446906970431 0.0988680610961 0.889100256594 0.461763058427 0.876729246043 0.134613175453
1954.07 548.782 627.634 -0.773966856736 0.464071138135 -0.430828600982 -0.440356268374 0.0944674324074 0.892839437479 0.455040285665 0.880746208033 0.131241972925
1947.25 545.183 630.984 -0.781081607006 0.457966833207 -0.424473677487 -0.43402309052 0.0905424344171 0.896340350796 0.448927032036 0.884346338971 0.128047150128
1940.78 541.534 635.169 -0.787820571065 0.45154700917 -0.41886041388 -0.428139105533 0.0873860555899 0.899477950593 0.442759137816 0.887957755638 0.124480400394
1933.77 538.018 638.519 -0.794988946676 0.445062624231 -0.412203633142 -0.421475088298 0.0834668433313 0.902990606822 0.436292705196 0.891601114051 0.121227590984
1927.33 534.735 641.701 -0.801410054614 0.439069359723 -0.406152707384 -0.415303146248 0.0801791236253 0.90614270667 0.430424466172 0.894868373274 0.118090530671
1920.92 531.423 645.293 -0.807888991275 0.432624735128 -0.400188975776 -0.409074254416 0.0771537816104 0.90923349496 0.424232992767 0.898266737967 0.114643950166
1914.35 528.189 648.347 -0.814091646877 0.426519144183 -0.394127149701 -0.402987796852 0.0737705827637 0.912227349243 0.418157417816 0.901465096809 0.111825995016
1908.18 525.01 651.529 -0.819662706832 0.420950383665 -0.388527761584 -0.397187339887 0.0711124418101 0.914978271684 0.412789612348 0.904291874956 0.108907946569
1902.37 522.527 653.658 -0.825464839915 0.414981997739 -0.382619575579 -0.391302033207 0.0678261815827 0.917759406326 0.406805256691 0.907297939293 0.106395171337
1895.53 518.959 657.555 -0.831241419491 0.40893711771 -0.376574210856 -0.384937937928 0.0653123478525 0.920628633685 0.401074165792 0.910222352493 0.103125082094
1890.05 516.368 660.172 -0.836101542669 0.40356930398 -0.371572371459 -0.379837704048 0.0628096967262 0.922918339064 0.39579985969 0.912790643512 0.100775553521
1884 513.536 662.965 -0.84111104818 0.398145693656 -0.366076783274 -0.374199426269 0.0603255079155 0.925384040534 0.390521438604 0.915336462574 0.0982454389429
1878.69 511.255 665.27 -0.84595694866 0.392492929351 -0.360979419666 -0.368996706438 0.057835030594 0.927629527276 0.384965286293 0.91793486133 0.095902652224
1872.21 508.303 667.881 -0.851089040258 0.386790083501 -0.355022361067 -0.362992209933 0.0550444606862 0.930164911656 0.379320578246 0.920523513362 0.0935540499732
1865.3 504.566 672.451 -0.85582673405 0.381232530638 -0.349603144821 -0.357049322737 0.0536367297908 0.932544305838 0.37426779506 0.922921913707 0.0902150695878
1859.7 502.642 673.897 -0.860852431407 0.375146709833 -0.343799414546 -0.35132912817 0.0505682590097 0.934885391307 0.368104516462 0.925585110772 0.088268157781
1854.44 500.857 675.42 -0.865060460157 0.370107549229 -0.338660305139 -0.346135992798 0.0482992427809 0.936940263643 0.363125701049 0.927732496548 0.0863257788092
1848.37 498.079 678.393 -0.869283450197 0.364682729226 -0.333695655079 -0.340939921208 0.0464662547843 0.938936024068 0.357919339155 0.929971716866 0.0839425546916
1841.8 495.179 681.406 -0.873920346668 0.358847344408 -0.327859438007 -0.334909660619 0.0443072516906 0.941207940187 0.352276520511 0.932344062489 0.0814604335724
1836.36 492.851 683.991 -0.878017955842 0.353554925865 -0.322619564836 -0.32938559093 0.042702781925 0.943229349047 0.347260135498 0.93443854095 0.0789620888877
1830.59 490.491 686.549 -0.882211327106 0.34784522402 -0.317343464487 -0.323939085728 0.0407378198577 0.94520045428 0.341711344652 0.936666498899 0.0767412977236
