1500 1500 -300 1 0 0 0 1 0 0 0 1
1526.84 1500.25 -294.882 0.999264798222 0.0347248066235 -0.0162496412323 -0.0348364020842 0.999370999342 -0.00663556817009 0.0160090013757 0.00719676872426 0.999845947331
1522.12 1497.75 -296.376 0.999623377284 0.0227891668395 -0.0152891288955 -0.0228237177216 0.999737322198 -0.00208914190409 0.0152375029773 0.00243730984792 0.999880931923
1520.95 1496.69 -296.911 0.999670067119 0.0209594154068 -0.0148478891257 -0.020965903622 0.999780151672 -0.000281438435041 0.014838726057 0.000592644991647 0.99988972441
1525.51 1496.42 -296.379 0.999496389515 0.0253438714217 -0.0190959558045 -0.0253613373717 0.999678123025 -0.000672986644558 0.019072753169 0.00115694669902 0.999817429114
1527.84 1496.02 -296.324 0.999393121883 0.0273308660168 -0.0215965667726 -0.0273432471775 0.999626064819 -0.000278151372646 0.0215808889386 0.000868502832114 0.99976672826
1530.43 1495.53 -296.095 0.999285871983 0.0294644451795 -0.0236557081066 -0.0294694564039 0.99956567189 0.000136817010235 0.0236494650049 0.000560401553377 0.999720155221
1533.07 1495.28 -296.055 0.999166330143 0.0316056791644 -0.0258403899726 -0.031606314449 0.999500321898 0.000383944721326 0.0258396129293 0.000433094852774 0.999666007641
1535.9 1494.6 -295.72 0.999041617717 0.0336274659272 -0.0280185582375 -0.0336172397848 0.999434431148 0.00083607664346 0.0280308269525 0.000106631228277 0.999607053482
1538.23 1494.27 -295.704 0.998893586543 0.0357322858303 -0.0305746056758 -0.0357087601822 0.999361373297 0.00131529771676 0.0306020785101 -0.000222061191922 0.999531622051
1540.75 1494.03 -295.66 0.998736860762 0.0379604486524 -0.0329194060184 -0.037929570949 0.999279193846 0.00156217605242 0.0329549784118 -0.000311583860376 0.999456788617
1543.92 1493.63 -295.511 0.998580965265 0.0398739431224 -0.0353004882511 -0.0398353546917 0.999204643027 0.00179607045377 0.0353440281728 -0.000387314297134 0.999375129599
1546.98 1493.38 -295.334 0.998424092264 0.0417781467923 -0.0374688995998 -0.0417344988272 0.999126839885 0.00194664572208 0.0375175105019 -0.000379832241621 0.999295898187
1550.93 1492.89 -295.022 0.998167189687 0.0450061901552 -0.0404562020047 -0.0449513838145 0.998986610664 0.00226380388948 0.0405170893093 -0.000441092502379 0.999178748228
1551.96 1492.6 -295.177 0.998095946633 0.0454150966563 -0.0417366782511 -0.0453336679641 0.998967703385 0.00289588366526 0.041825110456 -0.000998293034461 0.999124448478
1557.49 1491.82 -294.497 0.997663290537 0.0503832058484 -0.0461464113782 -0.050295903865 0.998729697625 0.00305174308623 0.0462415480823 -0.000723636578887 0.998930025368
1560.94 1491.69 -294.319 0.99737107499 0.0532535738703 -0.049142605172 -0.0531599813166 0.998580847614 0.00321047736646 0.0492438337202 -0.000589617289426 0.998786612441
1564.19 1491.07 -294.042 0.997095140305 0.0557706520178 -0.0518740354463 -0.0556398331479 0.998443037048 0.00396367735473 0.0520143263654 -0.0010659007512 0.998645769885
1567.67 1490.31 -293.878 0.996718287885 0.059272033238 -0.0551314853046 -0.0591001908543 0.998240785581 0.00474356856279 0.0553156581543 -0.00146972023278 0.998467835178
1571.2 1490.05 -293.517 0.996371928194 0.0623464472886 -0.0579301408326 -0.0621826715121 0.99805405868 0.00462723622122 0.0581059039171 -0.0010081973579 0.998309915541
1574.55 1489.61 -293.509 0.995901341389 0.0661031456697 -0.0617324254534 -0.0659032780668 0.997812096885 0.00527041275918 0.0619457517498 -0.00118044193615 0.998078819732
1578.34 1489.34 -293.307 0.995386708251 0.069808537442 -0.0658184558968 -0.06960219777 0.997560071636 0.00542563755434 0.0660366194018 -0.000819498321128 0.997816863618
1582.12 1489.14 -293.19 0.994775868299 0.0742915526563 -0.070012406424 -0.0740897339133 0.997236529689 0.00547861143522 0.0702259437673 -0.000262789884959 0.997531076089
1585.94 1488.89 -292.969 0.994254011317 0.0775562793547 -0.073783362031 -0.0773406290997 0.996987974816 0.00577971992937 0.0740093782599 -4.00580874998e-05 0.997257544632
1589.64 1488.33 -292.617 0.993704485295 0.081499193918 -0.0768718238054 -0.0812774146479 0.996673370657 0.0060144900487 0.0771062758315 0.000271317360019 0.997022842574
1593.37 1487.77 -292.391 0.993007130389 0.0861224903841 -0.0807450038536 -0.0858754431639 0.996284456274 0.00653379271914 0.0810076987618 0.000445910230619 0.996713376004
1598.23 1486.94 -291.917 0.992175984171 0.0910294402855 -0.0854427143462 -0.0907468586083 0.995848011003 0.00719351328652 0.0857427786245 0.000616426793177 0.996317116149
1601.79 1486.14 -291.749 0.991563089892 0.0942326421537 -0.0890103809519 -0.0939009209942 0.995550074261 0.00791622866554 0.0893602585097 0.000508716593536 0.995999239662
1607.03 1485.5 -291.233 0.990640802861 0.0994925700292 -0.093445322061 -0.099166256415 0.995037578851 0.00814065495154 0.0937915417014 0.00120215781127 0.995591131701
1612.36 1485.02 -290.71 0.989810160497 0.103876334441 -0.0973938053507 -0.103557321284 0.99458853298 0.00833854144952 0.0977329391055 0.00183226854127 0.995210990396
1616.34 1484.3 -290.515 0.989030181465 0.10753273287 -0.10127196805 -0.107168514965 0.994199717057 0.00904610435248 0.101657314304 0.00190629619423 0.994817649865
1620.7 1484.22 -290.262 0.987966199453 0.112441285357 -0.106206148998 -0.112107380943 0.993654172652 0.00912799589587 0.106558546704 0.00288834179036 0.994302234537
1626.35 1483.27 -289.673 0.986680485255 0.118204628857 -0.111755472951 -0.117828363877 0.992983734182 0.00998900978032 0.112152114039 0.00331200351487 0.993685530713
1631.5 1482.54 -289.266 0.985531318515 0.123103606213 -0.116505460661 -0.122708802082 0.992386291953 0.010582884087 0.116921213293 0.00386648180575 0.993133666835
1638.34 1481.22 -288.418 0.984050150385 0.128995225309 -0.122497074961 -0.128572385896 0.99163478742 0.0113837587657 0.122940811416 0.00454755166775 0.992403585575
1642.83 1480.65 -288.075 0.982808975637 0.133997129075 -0.127009002854 -0.133572967866 0.990967656066 0.0118897807561 0.127455010344 0.00527958621152 0.991830301164
1648.17 1479.7 -287.492 0.981350998745 0.139281231713 -0.13248002021 -0.138811131446 0.990235847529 0.0128232622972 0.13297250486 0.00580558023679 0.991102723329
1653.87 1478.42 -286.854 0.979766851499 0.145169181065 -0.137778175238 -0.144626750041 0.989387322726 0.0139938844653 0.138347460676 0.00621566558838 0.990364248964
1653.84 1480.63 -287.76 0.97941267061 0.147809381046 -0.137488936 -0.147572932923 0.988978758227 0.0119685105255 0.137742695328 0.00856753467301 0.990430990647
1666.59 1476.55 -285.008 0.976183254974 0.15716206258 -0.149553798994 -0.156596812403 0.987539041572 0.0156230508199 0.150145566212 0.00816868760319 0.988630154046
1672.06 1475.5 -284.278 0.974462100084 0.162485638479 -0.154990428051 -0.161849700029 0.986672420241 0.0167990992523 0.155654393127 0.00871506875061 0.98777313057
1678.09 1474.42 -283.376 0.972574499249 0.168209790329 -0.160637199452 -0.167554997968 0.985703602429 0.0177124480222 0.161320073352 0.00968889036207 0.986854578617
1685.37 1473.04 -282.158 0.970303478473 0.174844110676 -0.167154708653 -0.174185216911 0.984535121529 0.0187110845478 0.167841204336 0.0109604487617 0.985753112443
1692.15 1471.78 -280.996 0.968208242406 0.180688016684 -0.172987398279 -0.180034664873 0.983465118779 0.019592845344 0.173667264562 0.0121737739222 0.984729140651
1698.41 1470.11 -280.001 0.9660598124 0.186223372002 -0.179023167736 -0.185467434311 0.982423819552 0.0211014119713 0.179806200327 0.0128177415119 0.983618541827
1706.35 1468.46 -278.404 0.963255268729 0.193607917684 -0.18615923688 -0.192869499721 0.980972192314 0.0222466622997 0.186924164685 0.0144752242137 0.982267694949
1712.34 1466.99 -277.328 0.961025088849 0.199451278679 -0.191441808484 -0.198611503531 0.979790110775 0.023765720976 0.192312894179 0.0151830913092 0.9812161966
1719.61 1465.07 -275.769 0.958330430207 0.205685053647 -0.198233310132 -0.204730267818 0.978485470131 0.0255284582542 0.199219235966 0.0161196602924 0.979822357662
1725.46 1463.57 -274.625 0.956110060034 0.210631494106 -0.203685853195 -0.209591125532 0.977418512742 0.0269186004084 0.20475622872 0.0169536025736 0.978666164818
1733.18 1461.46 -272.809 0.952762787218 0.218686654851 -0.210758673091 -0.217582598564 0.975619639996 0.0287076794095 0.211898287146 0.0185058111124 0.9771164981
1740.97 1459.29 -271.015 0.949476408658 0.225647267306 -0.218123497495 -0.224439755511 0.974006394869 0.0306323179035 0.219365780257 0.0198709212572 0.975440311316
1747.97 1457.22 -269.479 0.946468891328 0.232065799786 -0.224370457766 -0.230795027988 0.972467748726 0.0322510890366 0.225677408716 0.0212589335953 0.973970104745
1755.27 1455.68 -267.957 0.943172425038 0.238907067506 -0.230974435259 -0.237696604386 0.970762275733 0.0334802669831 0.232219940813 0.0233241743598 0.972383608449
1763.23 1453.1 -265.941 0.93934381416 0.246245611181 -0.238738974138 -0.244891104479 0.968889275061 0.0358039050807 0.240128186071 0.0248328742985 0.97042350683
1769.45 1451.33 -264.518 0.93598060657 0.252860649899 -0.244952640031 -0.251466520982 0.967139567152 0.0374919521233 0.246383629632 0.0265056481042 0.968809866624
1777.86 1448.53 -262.181 0.931604704582 0.261089765408 -0.252873108098 -0.25955433318 0.964898425464 0.0400321953452 0.254448860338 0.0283401294334 0.966670892567
1784.54 1446.4 -260.497 0.92803560061 0.267550249961 -0.259165560494 -0.265898729492 0.963081509769 0.0420936004192 0.260859712594 0.0298474335163 0.964915198895
1793.4 1443.74 -257.906 0.923970171436 0.274268589611 -0.266563056423 -0.272576692991 0.961123239039 0.0440915617483 0.268292878652 0.031919588526 0.962808429093
1801.68 1440.84 -255.42 0.919534555537 0.281954973451 -0.273783845614 -0.280133504227 0.958830005265 0.046585843478 0.275647276392 0.0338587351956 0.960662357474
1809.44 1438.18 -253.127 0.914944597744 0.289351593606 -0.281339720509 -0.287465948482 0.956541067371 0.048913340672 0.283266149622 0.0361225927964 0.958360812413
1818.16 1435.49 -250.497 0.910116306432 0.296342755035 -0.289601934223 -0.294402599684 0.954302965211 0.0513123755872 0.291574035308 0.0385593325651 0.955770767395
1825.48 1433.07 -248.233 0.90552482143 0.303655290864 -0.296341462006 -0.301684657886 0.951903019461 0.0535444557147 0.298347389749 0.040915838883 0.953579954256
1834.25 1429.94 -245.134 0.900459968434 0.310741051789 -0.30432194134 -0.308649188578 0.949509823204 0.0562740973152 0.306443344907 0.043256148369 0.950905558923
1843.09 1426.73 -242.105 0.894751030361 0.318774522403 -0.312735347432 -0.31656616327 0.946715885505 0.0592865617606 0.314970566783 0.0459547168336 0.94798824152
1850.5 1423.76 -239.504 0.889815522964 0.325806522052 -0.319497175701 -0.323500843002 0.944202206507 0.061882128308 0.321831539271 0.0482939273136 0.945564464706
1859.17 1420.26 -236.248 0.883902273028 0.333683270608 -0.32767704627 -0.331296642224 0.94129326572 0.0648808350806 0.330089846234 0.0512099875592 0.942559404275
1867.87 1416.88 -233.011 0.877634763919 0.342041696874 -0.335804554407 -0.339631855724 0.938104972505 0.0678915542502 0.338241664698 0.0544659357873 0.93948179232
1875.59 1413.86 -229.965 0.87096006167 0.350809406186 -0.344036817082 -0.348431367475 0.934644577807 0.0709584056706 0.346445021809 0.0580712812586 0.936271100247
1884.04 1409.83 -226.372 0.864928906762 0.358071695387 -0.35168543787 -0.355436395894 0.931727329929 0.0744926247173 0.354348634428 0.0605709800663 0.933149613756
1891.69 1406.15 -223.139 0.859050760604 0.365443979593 -0.35844454032 -0.362552664323 0.928698731946 0.0779373522453 0.361368726232 0.0630028813794 0.930292040512
1899.53 1402.37 -219.658 0.852855771779 0.372803077797 -0.365588426687 -0.369636767227 0.925590209099 0.0815562697378 0.368789496673 0.0655791888055 0.927196676622
1907.89 1398.11 -215.86 0.846187881346 0.380189290165 -0.373392786629 -0.376695841583 0.922382890056 0.0854988132404 0.376916850773 0.0683074503667 0.923724948146
1914.7 1395.08 -212.838 0.839864557906 0.387516466726 -0.380076982189 -0.3840311792 0.919072821415 0.0884601737381 0.383598198349 0.0716668469481 0.920715094517
1922.49 1391.55 -209.091 0.833108048546 0.394655353793 -0.387528232739 -0.391140303174 0.91574946428 0.0917179475554 0.391075750566 0.0751669501373 0.917283863876
1930.17 1387.37 -205.444 0.826030172857 0.402301415143 -0.394750205706 -0.398632154789 0.912132652709 0.0954276114651 0.398455215424 0.0785340387103 0.913819372778
1938.09 1383.24 -201.575 0.819305423938 0.409275113974 -0.401537673684 -0.405399729389 0.908754225785 0.0990798492598 0.40544997437 0.0816066063492 0.910467286663
1945.86 1379.46 -197.657 0.812048311479 0.416342009637 -0.408946048807 -0.412434878294 0.905192441342 0.102587110806 0.412886196173 0.0853579237591 0.906773959629
1954.63 1374.71 -193.005 0.803764306623 0.42446260149 -0.41688660249 -0.420472436981 0.901008877875 0.106704881466 0.420910761489 0.0895237506286 0.902673600443
1961.28 1371.59 -189.468 0.796947979884 0.430825642521 -0.423394831221 -0.426878223529 0.897611141462 0.109860006373 0.427374425575 0.0931853232537 0.89925947084
1968.68 1367.04 -185.22 0.789264189062 0.438044067948 -0.430324801052 -0.433860341691 0.893736381689 0.114019664769 0.434542568424 0.0967092269713 0.895444069524
1976.15 1362.97 -181.117 0.781755603963 0.444948437042 -0.436897086333 -0.440792783773 0.889878336449 0.117551129696 0.441089443816 0.100684828515 0.891797436563
1982.22 1359.5 -177.578 0.774926867357 0.451235359851 -0.442577677101 -0.446986669682 0.886318026991 0.121009388715 0.446868288621 0.104052895445 0.888527842881
1989.05 1355 -173.485 0.767329788169 0.457778151129 -0.449048060386 -0.453257777035 0.88254588909 0.125180434602 0.453610387608 0.107479849267 0.884695257281
1995.83 1350.62 -169.232 0.759118576503 0.464793781326 -0.455747438445 -0.46016434687 0.878364449577 0.12932388638 0.460421286083 0.111546557813 0.880664297427
2002.25 1346.92 -165.31 0.751966649002 0.470683476013 -0.461522723382 -0.465970267599 0.874760786305 0.132910783824 0.466280890133 0.115111390189 0.877115442428
2009.37 1342.62 -160.754 0.743618894818 0.477156922558 -0.468350521004 -0.47252030338 0.870642071157 0.136773341059 0.473028014142 0.119597889554 0.872892228543
2016.11 1338.35 -156.346 0.735575452745 0.483501693304 -0.474504863928 -0.478838981602 0.866555830418 0.140691941729 0.479209748459 0.123721887073 0.868936655713
2022.41 1334.08 -151.955 0.727829067109 0.489439380172 -0.480326911809 -0.484566081889 0.862686795384 0.144800570968 0.485242785988 0.127360065197 0.865054248264
2028.59 1328.85 -147.359 0.719164632904 0.496448002545 -0.486149783039 -0.491190630103 0.858099662034 0.149655387198 0.491461082568 0.131165356659 0.860965535625
2034.91 1324.89 -142.791 0.71083838531 0.502133451487 -0.492514758021 -0.496980983372 0.854081240965 0.153476825607 0.497713463889 0.13567324987 0.856664506755
2041.04 1320.05 -138.268 0.702376497994 0.508447101 -0.498145360865 -0.502915481086 0.849733764866 0.158204133103 0.50372936578 0.139406148833 0.8525389444
2046.78 1316.19 -134.112 0.694118579793 0.514000769053 -0.50398671272 -0.508553950211 0.845645405615 0.162039278223 0.509482361727 0.143829959937 0.848375309467
2052.15 1312.11 -130.146 0.68682382834 0.51915231042 -0.508678589494 -0.513611050209 0.841867686785 0.165718095123 0.514272999416 0.147443808051 0.844857150966
2062.92 1304.61 -121.239 0.672052412696 0.527766064643 -0.519430972893 -0.522410441083 0.835053937471 0.172546378004 0.524817002046 0.155395954021 0.836910516027
2064.78 1302.05 -120.052 0.6679147392 0.53162809042 -0.520827682287 -0.525746235397 0.832361561019 0.175399907935 0.526764460766 0.156671009489 0.835448022117
2069.32 1298.51 -116.589 0.661133859974 0.536198932657 -0.524778737958 -0.530328513279 0.828752904155 0.178662508261 0.530710549356 0.160185294183 0.832278189267
2074.39 1294.29 -112.31 0.652735974521 0.541560646768 -0.529762034728 -0.535717785962 0.824398401897 0.182684779757 0.535669862295 0.164558016586 0.828238164906
2079.68 1289.62 -107.655 0.643814663745 0.547174651944 -0.53488557563 -0.541288224087 0.819762141322 0.187075092196 0.5408416933 0.169085575745 0.823954082982
2086.02 1284.25 -102.202 0.634300573341 0.552953030439 -0.54028300805 -0.546925712243 0.814890363464 0.191900914072 0.546383608783 0.17377180917 0.819309654765
2090.31 1280.37 -97.7881 0.625565665796 0.557735326172 -0.545526263086 -0.551681434263 0.810655940037 0.196174774046 0.551647707206 0.178236508109 0.814810747543
2094.37 1276.02 -94.2395 0.618595020062 0.562267244449 -0.548813034625 -0.555759018054 0.806871057514 0.200227396723 0.555402660244 0.181148122726 0.811611509669
2099.33 1272.08 -89.7546 0.610171838636 0.566515003937 -0.553851133113 -0.560203570475 0.802836523661 0.204023223931 0.560234135842 0.18578015661 0.807231965699
2103.76 1267.27 -85.3339 0.601435637018 0.571657003216 -0.558107019485 -0.565175458427 0.798185307273 0.208511190215 0.564669704974 0.190022330077 0.803143597594
2109.63 1261.99 -80.0655 0.592429685044 0.576256157919 -0.562988373538 -0.56978522525 0.793745231373 0.21286921985 0.569536535584 0.194672412358 0.79858048217
2114.31 1258.34 -75.8815 0.585708391742 0.579035849927 -0.567153563281 -0.572369600829 0.790925769099 0.216401173336 0.573880405563 0.197873475418 0.794674378495
2118.48 1254.06 -72.0623 0.577226771647 0.584151002165 -0.570593428602 -0.577801227396 0.785940905679 0.220096875036 0.577022526175 0.202643774763 0.791189297726
2121.97 1250.01 -68.4645 0.570615455383 0.587388789559 -0.573909759438 -0.580481605877 0.782836236889 0.22407260308 0.580895091489 0.205284768342 0.787666843641
2127.33 1244.9 -62.6903 0.560097122757 0.592271104587 -0.57922892862 -0.585873251764 0.777520320032 0.22850532774 0.585699364817 0.211369559324 0.782482692105
2131.06 1240.01 -58.5205 0.552447571389 0.59638016152 -0.582350739513 -0.589253844456 0.773561363812 0.233201036042 0.589560503816 0.214321066073 0.778771399692
2133.97 1234.39 -53.5532 0.540221703472 0.602886506892 -0.58710166999 -0.595669368278 0.766763475624 0.239273433844 0.594422841749 0.220457778851 0.773343295666
2136.81 1230.8 -50.2552 0.533676403618 0.60612319315 -0.589749244126 -0.598715729201 0.763304087616 0.242706294593 0.597267922986 0.223565526309 0.770252869919
2141.22 1225.59 -45.1496 0.523993521069 0.610580380178 -0.593820165723 -0.603407782636 0.758175632194 0.247120939222 0.601107176576 0.228825938411 0.765708072427
2144.62 1221.05 -41.0958 0.51679961316 0.613796943601 -0.596801032057 -0.606025072735 0.754678693406 0.25138353354 0.604691467654 0.231761475972 0.761993994203
2148.1 1216.8 -37.1311 0.509376072216 0.617100944129 -0.599768656908 -0.609147794739 0.750866193146 0.255223282941 0.607844537047 0.235343121307 0.758378951472
2151.38 1212.78 -33.1468 0.501520780589 0.62034163325 -0.603036619695 -0.612347698739 0.746926622305 0.259096346444 0.611152356198 0.239325884409 0.754463994214
2155.16 1208.18 -28.3067 0.492678105325 0.623795266849 -0.606751802297 -0.615874519459 0.742539852885 0.263311874323 0.614790094923 0.243954979319 0.750012738059
2157.98 1204 -24.7034 0.485753434968 0.627101199673 -0.608923382525 -0.618909932266 0.738683582194 0.267015095338 0.617247192103 0.247165229685 0.746937248419
2161.47 1199.4 -20.0742 0.47734319495 0.630332331508 -0.612229226754 -0.622176463757 0.734450824663 0.271069057803 0.620515851677 0.251521645206 0.742763044187
2164.15 1194.69 -16.0933 0.469161790519 0.633891420155 -0.61487306151 -0.625409399661 0.730064111851 0.275444142075 0.623498433946 0.255319525383 0.738959838439
2167.51 1191.01 -11.892 0.461949247047 0.636323508962 -0.617814927867 -0.628008644028 0.726565563834 0.278760873288 0.626265148463 0.259219739589 0.73525307917
2170.77 1186.48 -7.22995 0.453476180411 0.639265325293 -0.621046856266 -0.630675531634 0.722523085347 0.283211519786 0.629767995057 0.263249378004 0.730816007886
2173.06 1182.53 -3.91493 0.446812254474 0.642029684562 -0.623022225441 -0.633029140029 0.718987535289 0.286933845987 0.632165260929 0.26618566498 0.727675940673
2175.75 1178.89 -0.207269 0.4396926493 0.644611308891 -0.625417168457 -0.635833145825 0.715213494815 0.29014800965 0.634339487042 0.270085018621 0.724339352718
2178.52 1175.04 3.60456 0.432739369125 0.646768556704 -0.62803429243 -0.637616234667 0.712062051509 0.29396117446 0.637324231218 0.273236287597 0.720527414775
2181.25 1170.16 8.05504 0.423257101569 0.650165205248 -0.63098227539 -0.640802214246 0.70716348264 0.298818224073 0.640488835335 0.277857903803 0.715939269146
2184.41 1165.36 12.7264 0.413719996305 0.653356805017 -0.634003667178 -0.644144832378 0.702201670459 0.303298943166 0.643360862641 0.282909348275 0.711371282158
2186.99 1160.67 16.8839 0.405444945482 0.656269400452 -0.636337072795 -0.646850107468 0.697846857325 0.30756251753 0.64590969543 0.286915035771 0.707446413234
2190.12 1155.98 21.6766 0.396406558169 0.658740459374 -0.639470756036 -0.649375145822 0.693558279462 0.311911578781 0.648979014013 0.291612620052 0.702700732316
2193.13 1151.36 26.3387 0.38697820576 0.661589231334 -0.642298651135 -0.652510914176 0.688653535893 0.316205335792 0.651519282254 0.29674230653 0.698188103857
2195.32 1146.28 30.7022 0.377817798826 0.664992241478 -0.644235228519 -0.655430551617 0.683553432534 0.321193861831 0.653960627942 0.300898693325 0.694114884913
2198.24 1140.53 36.2671 0.367418603855 0.668028836286 -0.647102034791 -0.658228345913 0.678320928611 0.326521304733 0.657068500369 0.305970900084 0.688943244487
2200.68 1136.35 40.4505 0.359698016782 0.670194455999 -0.649196986955 -0.66038470213 0.674384294209 0.330299665328 0.659173256371 0.309911624292 0.685160859371
2203.16 1131.16 45.2539 0.350189074434 0.673014459572 -0.651474596092 -0.662998750632 0.669405684283 0.335154720257 0.661664770717 0.314559321999 0.680626302853
2205.96 1126.21 50.3629 0.340680748049 0.6753396384 -0.654104732221 -0.665502241109 0.664655911749 0.339616380725 0.664110980927 0.319607402578 0.675875516075
2208.59 1120.02 55.9553 0.330415192873 0.678195391026 -0.656412074774 -0.667886237043 0.659415460621 0.345107555208 0.666898623995 0.324379811155 0.670838254297
2211.15 1115.07 61.0005 0.321242221944 0.680231832962 -0.658853616721 -0.669956648706 0.654958052576 0.34955405622 0.669299278122 0.329111839336 0.666126019244
2213.43 1109 66.2836 0.311123489581 0.683073913384 -0.660766375571 -0.672454490814 0.649535148274 0.354836651068 0.671570645588 0.33393729952 0.661421762549
2216.34 1103.37 72.1017 0.30105256327 0.685144283225 -0.663283246669 -0.674576060008 0.644638166213 0.359706510819 0.674028555339 0.339144432101 0.656251903435
2218.53 1098.75 76.7894 0.292511836458 0.686997998743 -0.665184617422 -0.67653640051 0.640284556075 0.363777660168 0.675821961996 0.343612335307 0.652069964581
2221.22 1092.9 83.0789 0.281343403466 0.689108195712 -0.667814183684 -0.679066270565 0.63468591075 0.368839795678 0.67802277949 0.349719443695 0.64651482674
2223.07 1087.22 88.3252 0.271539605567 0.691352030388 -0.669551053085 -0.680886965716 0.629672994795 0.374038580288 0.68019054869 0.354322296369 0.641713742855
2225.19 1081.02 94.2539 0.260120578855 0.6937751285 -0.671575279124 -0.683158739045 0.62375546383 0.379767374334 0.682371908655 0.360007211618 0.636210174283
2226.63 1075.49 98.5698 0.2506618655 0.696276068112 -0.672583278233 -0.685269426499 0.618360954608 0.384753873174 0.683794151986 0.36445763374 0.632136212314
2228.88 1069.23 105.005 0.2390442677 0.698046066836 -0.674973722936 -0.686947464076 0.612858304307 0.390522573537 0.686265997758 0.370319304678 0.626021239978
2230.88 1063.45 110.632 0.227346099669 0.700032557589 -0.676955071833 -0.689191825765 0.606784469848 0.396014184658 0.687988646901 0.376519621622 0.620406799019
2232.81 1057.6 116.525 0.215920864581 0.701797885458 -0.67886516202 -0.690987710388 0.601055124995 0.401582769563 0.689865323329 0.382377385162 0.614714056278
2234.45 1051.03 122.725 0.203736536429 0.703932359124 -0.680419471724 -0.693056981616 0.59458195613 0.407608044176 0.691493632622 0.388524814165 0.609003304442
2235.84 1045.28 127.869 0.192213246927 0.705991468427 -0.681637817476 -0.695268228686 0.588162086074 0.413119172499 0.692572131901 0.394514140448 0.603905982004
2237.58 1039.01 134.274 0.179660932026 0.707566108668 -0.683426771036 -0.696676948228 0.582005040065 0.419417886059 0.694523706803 0.400774668865 0.597508565198
2238.81 1032.53 140.245 0.166770426309 0.709561829496 -0.684623717841 -0.698460599694 0.575107627611 0.42591549319 0.695945698733 0.407152584157 0.59151192518
2240.16 1025.26 147.17 0.152839013235 0.711230957881 -0.686141939095 -0.700272362398 0.567849425415 0.432626453787 0.697322633 0.414364036334 0.584844928933
2241.34 1018.29 153.577 0.140656826737 0.712679322701 -0.68724365409 -0.701494650199 0.561577774068 0.438788855163 0.698656505613 0.420379098752 0.578930479848
2242.98 1011.21 160.816 0.127372295793 0.713678918455 -0.688795107138 -0.70273323288 0.555013057558 0.445114040833 0.699958785695 0.42734401516 0.57221918094
2243.76 1004.94 166.52 0.114767575298 0.715083022623 -0.689553967733 -0.704295556811 0.548099479389 0.451170399461 0.70056846369 0.433870062864 0.566533843856
2244.88 998.669 172.821 0.102804740266 0.715950901204 -0.690540000611 -0.705078769663 0.542134461039 0.457115034455 0.701637451929 0.439891501645 0.560535773016
2245.41 991.124 179.738 0.0899686590575 0.717264064099 -0.690968814592 -0.705812557218 0.535398419438 0.463871929023 0.702662276247 0.445960530557 0.554423061141
2246.05 982.702 187.777 0.0757875342592 0.718368692621 -0.691521996116 -0.706464263591 0.528105298807 0.471182594799 0.703679255002 0.452825810697 0.547525607845
2247.02 975.657 195.078 0.0622852723619 0.718665193277 -0.692561105476 -0.706998087739 0.521556874275 0.4776317942 0.70446735111 0.459889950824 0.540580229338
2247.51 968.371 202.239 0.048247340141 0.719124973616 -0.693203769819 -0.707408201903 0.514559148018 0.484564256906 0.705156599664 0.466999095837 0.533541014766
2247.72 961.592 208.571 0.0355563508261 0.719734572587 -0.693338222615 -0.707584025481 0.508062611746 0.491118345645 0.705734080798 0.473132674383 0.527337538614
2248.14 954.794 215.683 0.0225507181796 0.719742161719 -0.693875122594 -0.707794022583 0.50165977055 0.49735811666 0.706058840823 0.479904881468 0.520741987973
2247.7 947.342 222.355 0.00927694320133 0.720464853559 -0.693429400236 -0.708171126384 0.494322960078 0.504121480296 0.705979882207 0.486389973093 0.514798212889
2247.71 939.627 230.395 -0.00483074367133 0.720431946588 -0.693508813392 -0.707806046038 0.487435955874 0.511289340896 0.706390306493 0.493339638847 0.507571409395
2246.79 930.994 238.483 -0.0201392437665 0.720692570898 -0.692962213337 -0.707658979588 0.47933970327 0.51908787067 0.706267073754 0.500834969947 0.500351030187
2246.04 924.037 244.934 -0.0328266573189 0.72084485496 -0.69231864459 -0.707489174517 0.472518145728 0.52553370006 0.705961385991 0.507059461045 0.494478740143
2245.59 916.274 253.109 -0.0470750267039 0.720396170153 -0.691963366003 -0.70659706402 0.465628988067 0.532832276228 0.70604853302 0.514022376459 0.487110321714
2244.36 907.856 261.308 -0.0624623312609 0.720100600665 -0.69105251761 -0.705959870314 0.457563820746 0.540607076767 0.705492110998 0.521622924023 0.479781623714
2243.09 900.744 267.748 -0.0755275039495 0.719955383836 -0.689898428345 -0.705284320477 0.450521472652 0.547361334009 0.704889795242 0.52791537955 0.473746481357
2242.03 893.212 275.189 -0.0896102738569 0.719290643399 -0.688905631518 -0.704432465256 0.443206799789 0.554384915482 0.70409154285 0.534966076438 0.466975798461
2240.48 885.098 283.16 -0.104107690728 0.718534774561 -0.687654976334 -0.703000261369 0.435921576467 0.56192794172 0.703528408273 0.541922648463 0.459747345655
2239.21 877.228 291.816 -0.118502502974 0.717137208704 -0.686783357895 -0.701872016361 0.42875458789 0.568810316374 0.70237655815 0.549439466417 0.452530046854
2237.14 869.561 298.747 -0.132610533579 0.71663877332 -0.6847213411 -0.700816660314 0.420723244869 0.576062461763 0.700906880413 0.556256073945 0.446440057779
2234.6 861.896 305.762 -0.147145325844 0.715743586957 -0.682685411307 -0.699254541159 0.412878109696 0.583587828182 0.699565107585 0.563243095176 0.4397338695
2232.91 854.825 313.106 -0.161620305147 0.714205902499 -0.681020415113 -0.697254880478 0.405714699606 0.59095787851 0.698365598103 0.570355600796 0.43241181763
2230.36 846.718 321.433 -0.176803311889 0.712465029877 -0.679068604861 -0.695249859411 0.397958016108 0.598545779707 0.696683731613 0.577947228229 0.424980916616
2228.08 839.17 328.982 -0.191098795636 0.710678809142 -0.677064901278 -0.693270074253 0.390589612685 0.605653662259 0.694879741 0.585128519813 0.418051146212
2225.24 831.231 336.758 -0.205983409103 0.708889540231 -0.674571311964 -0.6911544299 0.382608268919 0.613120270896 0.692731108875 0.592525554137 0.411141190458
2222.22 823.844 343.589 -0.219828283094 0.707338381235 -0.671824337446 -0.688820329654 0.375115541362 0.620334493709 0.690798146645 0.599133328284 0.40476805152
2219.66 817.636 349.731 -0.232375068177 0.705564734298 -0.669462645265 -0.686634862985 0.368489169913 0.62669633523 0.688864567693 0.60530499533 0.398837648681
2216.87 810.098 357.886 -0.24781951329 0.70271859248 -0.666912339529 -0.68378991861 0.360783502366 0.634244914547 0.686306663264 0.613206200396 0.391102697198
2214.25 804.279 363.504 -0.259173576668 0.701006108022 -0.664394080101 -0.681766804994 0.354471971799 0.639955970999 0.68412212416 0.618821507161 0.386052925788
2210.85 796.879 371.079 -0.272859220115 0.698473172336 -0.661576203869 -0.679018876288 0.347332002214 0.646756403821 0.681528584612 0.62569617848 0.379503729352
2207.68 789.982 378.136 -0.285557568586 0.695937698146 -0.658883597704 -0.676187634099 0.340890604747 0.653118579652 0.679137069018 0.632031894682 0.373240573345
2204.36 782.855 385.49 -0.299246393672 0.692973013029 -0.655926824491 -0.673152736908 0.33387878195 0.659841156459 0.676252163521 0.638994023585 0.366564658902
2200.89 775.962 391.709 -0.31247805381 0.690363749117 -0.652499317848 -0.670108882796 0.326654584696 0.666521468143 0.6732841533 0.645518920096 0.360546491749
2197.83 768.933 399.814 -0.326595560139 0.686247712163 -0.649922624355 -0.666720543153 0.320125981226 0.673055030054 0.669939592377 0.653133549662 0.352983723238
2193.78 761.837 406.37 -0.339472557427 0.683436447804 -0.646276260254 -0.663443629447 0.313082661295 0.679574718293 0.666784022979 0.65946483531 0.347138585711
2189.9 754.999 413.02 -0.352498173383 0.68030674135 -0.642594565364 -0.659929655826 0.306149093745 0.686123590733 0.663504248007 0.665924522805 0.341037597348
2185.61 747.463 420.672 -0.366412374427 0.676475305601 -0.638845155557 -0.655928018143 0.299171619822 0.693004168031 0.659924546355 0.672961739481 0.334098922945
2181.01 739.922 428.126 -0.380097784663 0.672692231244 -0.634831344625 -0.651982332263 0.291981141966 0.699761424454 0.656082854913 0.67987658789 0.327602064597
2176.13 731.824 436.387 -0.394230328489 0.668646515407 -0.630471478763 -0.647198573871 0.28506558922 0.707015994036 0.652469504329 0.686767389497 0.320365570316
2172.08 725.218 443.293 -0.407734154698 0.664193601058 -0.626577784003 -0.643050008973 0.278304754576 0.713465590999 0.648258856516 0.693825139278 0.313635347264
2167.15 718.021 450.141 -0.42105354514 0.660090782689 -0.622088475005 -0.638507485874 0.271419351982 0.720166457045 0.644222091059 0.700436787996 0.307190825731
2163.76 712.718 456.829 -0.432609666621 0.655636744576 -0.61886132171 -0.634571367289 0.266174051756 0.725582906351 0.640443640114 0.706605854302 0.300898837657
2159.32 706.602 463.364 -0.444232335005 0.651514396645 -0.614968798802 -0.630371648704 0.260458406422 0.731295428014 0.636623292888 0.712523971167 0.294992158311
2151.6 697.18 470.63 -0.459939499048 0.647158455247 -0.607981571282 -0.624417244231 0.251083015974 0.739635331901 0.631315105413 0.719821681315 0.28861390262
2146.53 690.783 477.174 -0.472285856826 0.642671568304 -0.603257262481 -0.619400827124 0.244953513241 0.745882290787 0.627127327423 0.725927704144 0.282383221093
2141.93 684.994 483.689 -0.484477814911 0.637706039868 -0.598842428003 -0.614501758504 0.239133740152 0.75179960303 0.622630577192 0.732219954001 0.276016491007
2135.31 677.29 490.563 -0.497715861815 0.632855748568 -0.59310414128 -0.609149127624 0.231732357267 0.758444101375 0.617427130286 0.738778529805 0.270166657244
2130.15 671.324 496.723 -0.509480878293 0.627864494603 -0.588400723207 -0.604345547798 0.225670911655 0.764093645105 0.612532197938 0.744888458797 0.264472097659
2123.26 663.874 503.692 -0.522295357825 0.622829552175 -0.582486830865 -0.598489463646 0.218855209298 0.770657355294 0.607468452761 0.751122990129 0.258449864772
2117.38 657.194 510.943 -0.535334982089 0.616785449492 -0.577054734186 -0.592554667157 0.212612367089 0.776965216591 0.60190981333 0.757873136254 0.251660259004
2111.32 650.602 518.236 -0.548235402443 0.610691468133 -0.571396424785 -0.586268740103 0.206612672348 0.78332634834 0.59642845999 0.764439097884 0.244756936039
2104.55 643.887 524.71 -0.560645136834 0.605090190292 -0.565281250491 -0.580217697549 0.199984747216 0.789527405688 0.590782916134 0.770630886023 0.238963561053
2098.44 637.846 530.678 -0.57209670988 0.59955302855 -0.559679837498 -0.574564573801 0.194001625233 0.79513452946 0.585304113327 0.776466055513 0.233494238813
2090.63 630.41 537.573 -0.584240837974 0.594013191352 -0.553001782766 -0.567895315046 0.187560661939 0.801446136208 0.579790957495 0.782284683854 0.227756710142
2083.99 624.405 543.467 -0.596259715972 0.587902530186 -0.5466671438 -0.561429066323 0.181364647436 0.807405888106 0.573822058305 0.788338429649 0.221925135443
2077.86 618.853 549.343 -0.607304281611 0.581848643215 -0.540956251398 -0.555428682416 0.175899052555 0.812747502032 0.568049723428 0.794047655812 0.216351177519
2070.9 612.933 554.987 -0.618210922879 0.576346947287 -0.53445247795 -0.548980433348 0.170017840262 0.818360811497 0.562526211509 0.799323545472 0.211296310946
2064.19 607.321 560.739 -0.629239163359 0.570006279493 -0.528347344683 -0.542704912696 0.164381357718 0.823680852618 0.556353712156 0.805028950146 0.205910020146
2057.12 601.306 567.169 -0.640117045863 0.563568082581 -0.522150537576 -0.536100925019 0.159167786299 0.829012312332 0.550314424478 0.810590298548 0.200243357221
2050.65 596.111 572.447 -0.649661566968 0.558025711012 -0.51628204913 -0.530157754807 0.154176199246 0.83376402813 0.544860168688 0.815375377011 0.195679306883
2043.18 590.465 577.668 -0.66032603282 0.551624178629 -0.509588359298 -0.523541575541 0.148343164358 0.838986605536 0.538399246898 0.820795389327 0.190843338369
2036.25 585.213 583.544 -0.671052096253 0.544646639007 -0.503039881852 -0.516496426365 0.143346379674 0.844205695898 0.531902740796 0.826324303196 0.185115154108
2028.57 579.722 588.553 -0.681443129742 0.538143485321 -0.496021017835 -0.509753058002 0.137320898148 0.849290757508 0.525154339966 0.831591582532 0.180743904673
2022.05 574.977 593.886 -0.690383976719 0.531952341527 -0.490302632089 -0.503563985352 0.133245335991 0.853621106284 0.519416285214 0.836225081411 0.175881596176
2015.24 570.404 598.214 -0.69956759752 0.52573257582 -0.483952926659 -0.49720787141 0.128290920604 0.858094267723 0.513214876157 0.840920149843 0.171650203844
2008.08 565.481 603.684 -0.708875832337 0.51913713627 -0.477484751667 -0.490433574372 0.123752274338 0.862647253357 0.506922048699 0.845684343205 0.166877284855
2001.4 561.369 607.333 -0.716973574712 0.513581012887 -0.471363380383 -0.484452492381 0.119118115867 0.866669866269 0.501253105517 0.849732556558 0.163401060386
1994.1 556.626 612.482 -0.725895903993 0.50693120178 -0.464861154786 -0.477723789651 0.114641473387 0.870997883684 0.494828371628 0.854329028678 0.158955318847
1986.61 551.949 617.188 -0.735168613372 0.49993336586 -0.457814088483 -0.47053104466 0.109827744559 0.875521788727 0.487983243487 0.859071880709 0.154492258221
1980.26 548.074 621.204 -0.743445880853 0.493402458362 -0.451488910522 -0.463994337239 0.10566606824 0.87951346609 0.48166116436 0.863358961328 0.150378943481
1973.77 544.141 625.374 -0.751208057604 0.487067697786 -0.44547896916 -0.457786063596 0.101758436909 0.883219757759 0.475519057628 0.86741586237 0.146531046339
1967.56 540.632 628.786 -0.758157383675 0.481505887775 -0.439715205123 -0.451791542626 0.0983575872973 0.886684942374 0.470193347029 0.870906346893 0.142969756772
1961.04 536.747 633.105 -0.765846441931 0.474662427444 -0.433791202486 -0.445556419371 0.094692479189 0.890231886388 0.463636392595 0.875059377618 0.138968993317
1953.62 532.411 637.969 -0.773914424268 0.467572904911 -0.427120641626 -0.438607288787 0.090760634396 0.894083974505 0.456815181591 0.879282710985 0.134839920018
1947.87 529.664 640.652 -0.780630973425 0.461632610446 -0.421320087704 -0.432820909036 0.0870065225365 0.897271377977 0.4508673242 0.882793972572 0.131884259712
1940.38 525.539 644.68 -0.788117467477 0.454955994021 -0.414591245641 -0.426043351319 0.0829319955539 0.900893637956 0.444249839903 0.886643856133 0.128470822087
1934.04 522.182 648.385 -0.794518951954 0.448763660376 -0.409085335978 -0.420310564614 0.0798034092207 0.903864174061 0.438267799708 0.890080104823 0.125214786414
1926.51 518.45 651.746 -0.801754666388 0.442228817036 -0.402023790724 -0.413274349479 0.075693635788 0.907455114903 0.43173344437 0.893702493498 0.122074100973
1919.54 514.871 655.242 -0.808216349366 0.43615014391 -0.395675857977 -0.406745471137 0.0724294383795 0.910665744478 0.425845575681 0.896954306765 0.118863439498
1913.08 511.507 659.272 -0.814630846296 0.429507612762 -0.389743242202 -0.400349871147 0.0697814232971 0.913701556109 0.419638612302 0.900363128711 0.11510721751
1906 508.033 662.632 -0.820967180133 0.423067744851 -0.383440441804 -0.393927177531 0.0664493472026 0.916736528703 0.41332102287 0.903658213886 0.112105149439
1900.2 505.126 665.806 -0.826127103881 0.417679189661 -0.378230224542 -0.38841678934 0.06417630107 0.919246321798 0.408223475552 0.906325271029 0.109215828082
1895.07 502.964 668.026 -0.831271953451 0.412027787968 -0.373122019382 -0.383151427502 0.0615913247967 0.921629802205 0.402718168212 0.909087240397 0.106669894251
1887.82 499.312 671.854 -0.837492762089 0.405289110833 -0.366533231902 -0.376322605387 0.0585802807863 0.924634872465 0.396216064948 0.912309754055 0.103458892964
1882.87 497.235 673.578 -0.842081300395 0.400029789176 -0.361766846597 -0.371610316298 0.055812640887 0.926709621153 0.390902617472 0.914801135159 0.101656415268
1877.46 495.066 675.833 -0.846751307685 0.394776599246 -0.356600139682 -0.366259171003 0.0535508985146 0.928970678183 0.385832143023 0.917215208092 0.0992462566262
1871.69 492.431 678.39 -0.851511636451 0.389218763685 -0.351335576031 -0.360905300181 0.051002220062 0.931206817979 0.380362060793 0.919732312983 0.097042130876
1864.98 489.44 681.167 -0.856735575625 0.383120339799 -0.345286777462 -0.35474363239 0.0482334318683 0.933718636062 0.374380967381 0.922438258791 0.0945862039667
1858.79 486.669 684.234 -0.861437140592 0.377482155343 -0.339754728011 -0.348900253135 0.0462559058548 0.936017630462 0.369045615299 0.924860861736 0.091857064278
1853.11 484.271 686.845 -0.865887027687 0.37185836023 -0.334605760873 -0.34354214505 0.0441682332069 0.938098055509 0.363618549936 0.9272381178 0.0895043185587
1848.09 482.601 688.673 -0.869828485455 0.366894995086 -0.329827937678 -0.338534120405 0.0424386261508 0.939996602298 0.358877493322 0.929293831676 0.0872921485329
1841.67 479.891 691.345 -0.874375790962 0.36093630609 -0.324333099028 -0.332896926739 0.0401185748277 0.942109407724 0.353053271259 0.931727150458 0.0850758764486
1834.75 477.053 694.079 -0.879154972122 0.354865373981 -0.318052041877 -0.326458431692 0.0377034553585 0.944459285428 0.347147558496 0.934156847539 0.0827016132071
1830.12 475.291 695.858 -0.882756382449 0.350073090032 -0.313352837677 -0.321565575031 0.0360790349287 0.946199706296 0.342544522946 0.936027315239 0.080722456143
1826.5 474.833 695.686 -0.887610070021 0.341989334493 -0.308531454946 -0.316942851767 0.032547741753 0.947886002229 0.334208905195 0.93914 0.0795013716115
